%YAML:1.0
---
model_type: PINHOLE
camera_name: camera
image_width: 640
image_height: 480
distortion_parameters:
   k1: 0
   k2: 0
   p1: 0
   p2: 0
projection_parameters:
   fx: 619.9338989257812
   fy: 619.333984375
   cx: 316.5697937011719
   cy: 238.0086212158203
